28
38
38
38
38
38
38
38
38
38
38
38
38
38
38
38
38
38
38
38
38
38
38
38
38
38
38
38
38
38
38
38
38
38
38
38
38
38
38
38
38
38
38
38
38
38
38
38
38
28
28
38
38
38
38
38
38
38
38
38
38
38
38
38
38
38
38
38
38
38
38
38
38
38
38
38
38
38
38
38
38
38
38
38
38
38
38
38
38
38
38
38
38
38
38
38
38
38
38
28
28
38
38
38
38
38
38
38
38
38
38
38
38
38
38
38
38
38
38
38
38
38
38
38
38
38
38
38
38
38
38
38
38
38
38
38
38
38
38
38
38
38
38
38
38
38
38
38
38
28
28
38
38
38
38
38
38
38
38
38
38
38
38
38
38
38
38
38
38
38
38
38
38
38
38
38
38
38
38
38
38
38
38
38
38
38
38
38
38
38
38
38
38
38
38
38
38
38
38
28
28
38
38
38
38
38
38
38
38
38
38
38
38
38
38
38
38
38
38
38
38
38
38
38
38
38
38
38
38
38
38
38
38
38
38
38
38
38
38
38
38
38
38
38
38
38
38
38
38
28
28
38
38
38
38
38
38
38
38
38
38
38
38
38
38
38
38
38
38
38
38
38
38
38
38
38
38
38
38
38
38
38
38
38
38
38
38
38
38
38
38
38
38
38
38
38
38
38
38
28
28
38
38
38
38
38
38
38
38
38
38
38
38
38
38
38
38
38
38
38
38
38
38
38
38
38
38
38
38
38
38
38
38
38
38
38
38
38
38
38
38
38
38
38
38
38
38
38
38
28
28
38
38
38
38
38
38
38
38
38
38
38
38
38
38
38
38
38
38
38
38
38
38
38
38
38
38
38
38
38
38
38
38
38
38
38
38
38
38
38
38
38
38
38
38
38
38
38
38
28
28
38
38
38
38
38
38
38
38
38
38
38
38
38
38
38
38
38
38
38
38
38
38
38
38
38
38
38
38
38
38
38
38
38
38
38
38
38
38
38
38
38
38
38
38
38
38
38
38
28
28
38
38
38
38
38
38
38
38
38
38
38
38
38
38
38
38
38
38
38
38
38
38
38
38
38
38
38
38
38
38
38
38
38
38
38
38
38
38
38
38
38
38
38
38
38
38
38
38
28
28
38
38
38
38
38
38
38
38
38
38
38
38
38
38
38
38
38
38
38
38
38
38
38
38
38
38
38
38
38
38
38
38
38
38
38
38
38
38
38
38
38
38
38
38
38
38
38
38
28
28
38
38
38
38
38
38
38
38
38
38
38
38
38
38
38
38
38
38
38
38
38
38
38
38
38
38
38
38
38
38
38
38
38
38
38
38
38
38
38
38
38
38
38
38
38
38
38
38
28
28
38
38
38
38
38
38
38
38
38
38
38
38
38
38
38
38
38
38
38
38
38
38
38
38
38
38
38
38
38
38
38
38
38
38
38
38
38
38
38
38
38
38
38
38
38
38
38
38
28
28
38
38
38
38
38
38
38
38
38
38
38
38
38
38
38
38
38
38
38
38
38
38
38
38
38
38
38
38
38
38
38
38
38
38
38
38
38
38
38
38
38
38
38
38
38
38
38
38
28
28
38
38
38
38
38
38
38
38
38
38
38
38
38
38
38
38
38
38
38
38
38
38
38
38
38
38
38
38
38
38
38
38
38
38
38
38
38
38
38
38
38
38
38
38
38
38
38
38
28
28
38
38
38
38
38
38
38
38
38
38
38
38
38
38
38
38
38
38
38
38
38
38
38
38
38
38
38
38
38
38
38
38
38
38
38
38
38
38
38
38
38
38
38
38
38
38
38
38
28
28
38
38
38
38
38
38
38
38
38
38
38
38
38
38
38
38
38
38
38
38
38
38
38
38
38
38
38
38
38
38
38
38
38
38
38
38
38
38
38
38
38
38
38
38
38
38
38
38
28
28
38
38
38
38
38
38
38
38
38
38
38
38
38
38
38
38
38
38
38
38
38
38
38
38
38
38
38
38
38
38
38
38
38
38
38
38
38
38
38
38
38
38
38
38
38
38
38
38
28
28
38
38
38
38
38
38
38
38
38
38
38
38
38
38
38
38
38
38
38
38
38
38
38
38
38
38
38
38
38
38
38
38
38
38
38
38
38
38
38
38
38
38
38
38
38
38
38
38
28
28
38
38
38
38
38
38
38
38
38
38
38
38
38
38
38
38
38
38
38
38
38
38
38
38
38
38
38
38
38
38
38
38
38
38
38
38
38
38
38
38
38
38
38
38
38
38
38
38
28
28
38
38
38
38
38
38
38
38
38
38
38
38
7a
7b
7b
7b
39
38
38
38
38
38
38
38
38
38
38
38
38
38
39
7a
7c
bd
bc
7a
38
38
38
38
38
38
38
38
38
38
38
38
28
28
38
38
38
38
38
38
38
38
38
38
39
3b
b6
ae
b6
b6
7a
38
38
38
38
38
38
38
38
38
38
38
38
38
7c
b6
65
5d
65
6d
39
38
38
38
38
38
38
38
38
38
38
38
28
28
38
38
38
38
38
38
38
38
38
38
bc
5c
2
0
49
a4
79
38
38
38
38
38
38
38
38
38
38
7a
7b
75
64
1
0
0
0
20
38
38
38
38
38
38
38
38
38
38
38
38
28
28
38
38
38
38
38
38
38
38
38
bc
b5
0
0
0
9a
bc
79
38
38
38
38
38
38
38
38
38
7a
b6
ad
13
1
0
0
0
0
20
38
38
38
38
38
38
38
38
38
38
38
38
28
28
38
38
38
38
38
38
38
38
38
b5
a5
0
0
0
ac
7a
38
38
38
38
38
38
38
38
38
7c
b5
5c
2
0
0
0
0
0
0
20
38
38
38
38
38
38
38
38
38
38
38
38
28
28
38
38
38
38
38
38
38
38
38
73
53
0
0
0
b3
79
38
38
38
38
38
38
38
3a
7c
ad
5c
0
0
0
49
9b
49
0
0
20
38
38
38
38
38
38
38
38
38
38
38
38
28
28
38
38
38
38
38
38
38
38
38
28
0
0
0
0
73
79
38
38
38
38
79
7a
bc
75
65
1
0
0
0
8a
ab
b4
51
0
0
20
38
38
38
38
38
38
38
38
38
38
38
38
28
28
38
38
38
38
38
38
38
38
38
28
0
0
0
0
a5
7c
7b
38
38
7b
bd
b6
5d
b
0
0
0
40
9a
f5
bc
38
10
0
0
20
38
38
38
38
38
38
38
38
38
38
38
38
28
28
38
38
38
38
38
38
38
38
38
68
50
0
0
0
a
5c
6d
2d
2d
65
53
a
0
0
0
0
40
ec
fd
7a
38
38
10
0
0
20
38
38
38
38
38
38
38
38
38
38
38
38
28
28
38
38
38
38
38
38
38
38
38
b4
a4
0
0
0
0
0
a
a
a
1
0
0
0
0
0
90
ec
bc
7a
38
38
38
10
0
0
20
38
38
38
38
38
38
38
38
38
38
38
38
28
28
38
38
38
38
38
38
38
38
38
7a
b3
41
0
0
0
0
0
0
0
0
0
0
0
92
a3
b1
bb
39
38
38
38
38
10
0
0
20
38
38
38
38
38
38
38
38
38
38
38
38
28
28
38
38
38
38
38
38
38
38
38
38
ba
ab
92
0
0
0
0
0
0
0
40
92
a1
b4
bc
38
38
38
38
38
38
38
10
0
0
20
38
38
38
38
38
38
38
38
38
38
38
38
28
28
38
38
38
38
38
38
38
38
38
38
79
fd
b4
a3
9a
92
92
92
92
9a
ac
f4
7a
39
38
38
38
38
38
38
38
38
10
0
0
18
38
38
38
38
38
38
38
38
38
38
38
38
28
28
38
38
38
38
38
38
38
38
38
38
38
38
79
7a
bd
fd
fd
fd
fe
bc
7a
7a
38
38
38
38
38
38
38
38
38
79
a3
92
9a
a3
38
38
38
38
38
38
38
38
38
38
38
38
28
28
38
38
38
38
38
38
38
38
38
38
38
38
38
38
39
79
79
79
79
39
38
38
38
38
38
38
38
38
38
38
38
79
bb
ba
bb
bb
38
38
38
38
38
38
38
38
38
38
38
38
28
28
38
38
38
38
38
38
38
38
38
38
38
38
38
38
38
38
38
38
38
38
38
38
38
38
38
38
38
38
38
38
38
38
38
38
38
38
38
38
38
38
38
38
38
38
38
38
38
38
28
28
38
38
38
38
38
38
38
38
38
38
38
38
38
38
38
38
38
38
38
38
38
38
38
38
38
38
38
38
38
38
38
38
38
38
38
38
38
38
38
38
38
38
38
38
38
38
38
38
28
28
38
38
38
38
38
38
38
38
38
38
38
38
38
38
38
38
38
38
38
38
38
38
38
38
38
38
38
38
38
38
38
38
38
38
38
38
38
38
38
38
38
38
38
38
38
38
38
38
28
28
38
38
38
38
38
38
38
38
38
38
38
38
38
38
38
38
38
38
38
38
38
38
38
38
38
38
38
38
38
38
38
38
38
38
38
38
38
38
38
38
38
38
38
38
38
38
38
38
28
28
38
38
38
38
38
38
38
38
38
38
38
38
38
38
38
38
38
38
38
38
38
38
38
38
38
38
38
38
38
38
38
38
38
38
38
38
38
38
38
38
38
38
38
38
38
38
38
38
28
28
38
38
38
38
38
38
38
38
38
38
38
38
38
38
38
38
38
38
38
38
38
38
38
38
38
38
38
38
38
38
38
38
38
38
38
38
38
38
38
38
38
38
38
38
38
38
38
38
28
28
38
38
38
38
38
38
38
38
38
38
38
38
38
38
38
38
38
38
38
38
38
38
38
38
38
38
38
38
38
38
38
38
38
38
38
38
38
38
38
38
38
38
38
38
38
38
38
38
28
28
38
38
38
38
38
38
38
38
38
38
38
38
38
38
38
38
38
38
38
38
38
38
38
38
38
38
38
38
38
38
38
38
38
38
38
38
38
38
38
38
38
38
38
38
38
38
38
38
28
28
38
38
38
38
38
38
38
38
38
38
38
38
38
38
38
38
38
38
38
38
38
38
38
38
38
38
38
38
38
38
38
38
38
38
38
38
38
38
38
38
38
38
38
38
38
38
38
38
28
28
38
38
38
38
38
38
38
38
38
38
38
38
38
38
38
38
38
38
38
38
38
38
38
38
38
38
38
38
38
38
38
38
38
38
38
38
38
38
38
38
38
38
38
38
38
38
38
38
28
28
38
38
38
38
38
38
38
38
38
38
38
38
38
38
38
38
38
38
38
38
38
38
38
38
38
38
38
38
38
38
38
38
38
38
38
38
38
38
38
38
38
38
38
38
38
38
38
38
28
28
38
38
38
38
38
38
38
38
38
38
38
38
38
38
38
38
38
38
38
38
38
38
38
38
38
38
38
38
38
38
38
38
38
38
38
38
38
38
38
38
38
38
38
38
38
38
38
38
28
28
38
38
38
38
38
38
38
38
38
38
38
38
38
38
38
38
38
38
38
38
38
38
38
38
38
38
38
38
38
38
38
38
38
38
38
38
38
38
38
38
38
38
38
38
38
38
38
38
28
28
38
38
38
38
38
38
38
38
38
38
38
38
38
38
38
38
38
38
38
38
38
38
38
38
38
38
38
38
38
38
38
38
38
38
38
38
38
38
38
38
38
38
38
38
38
38
38
38
28
20
30
28
28
28
28
28
28
28
28
28
28
28
28
28
28
28
28
28
28
28
28
28
28
28
28
28
28
28
28
28
28
28
28
28
28
28
28
28
28
28
28
28
28
28
28
28
28
30
20