0
28
38
38
38
38
38
38
38
38
38
38
38
38
38
38
38
38
38
38
38
38
38
38
38
38
38
38
38
38
38
38
38
38
38
38
38
38
38
38
38
38
38
38
38
38
38
38
38
38
0
28
38
38
38
38
38
38
38
38
38
38
38
38
38
38
38
38
38
38
38
38
38
38
38
38
38
38
38
38
38
38
38
38
38
38
38
38
38
38
38
38
38
38
38
38
38
38
38
38
0
28
38
38
38
38
38
38
38
38
38
38
38
38
38
38
38
38
38
38
38
38
38
38
38
38
38
38
38
38
38
38
38
38
38
38
38
38
38
38
38
38
38
38
38
38
38
38
38
38
0
28
38
38
38
38
38
38
38
38
38
38
38
38
38
38
38
38
38
38
38
38
38
38
38
38
38
38
38
38
38
38
38
38
38
38
38
38
38
38
38
38
38
38
38
38
38
38
38
38
0
28
38
38
38
38
38
38
38
38
38
38
38
38
38
38
38
38
38
38
38
38
38
38
38
38
38
38
38
38
38
38
38
38
38
38
38
38
38
38
38
38
38
38
38
38
38
38
38
38
0
28
38
38
38
38
38
38
38
38
38
38
38
38
38
38
38
38
38
38
38
38
38
38
38
38
38
38
38
38
38
38
38
38
38
38
38
38
38
38
38
38
38
38
38
38
38
38
38
38
0
28
38
38
38
38
38
38
38
38
38
38
38
38
38
38
38
38
38
38
38
38
38
38
38
38
38
38
38
38
38
38
38
38
38
38
38
38
38
38
38
38
38
38
38
38
38
38
38
38
0
28
38
38
38
38
38
38
38
38
38
38
38
38
38
38
38
38
38
38
38
38
38
38
38
38
38
38
38
38
38
38
38
38
38
38
38
38
38
38
38
38
38
38
38
38
38
38
38
38
0
28
38
38
38
38
38
38
38
38
38
38
38
38
38
38
38
38
38
38
38
38
38
38
38
38
38
38
38
38
38
38
38
38
38
38
38
38
38
38
38
38
38
38
38
38
38
38
38
38
0
28
38
38
38
38
38
38
38
38
38
38
38
38
38
38
38
38
38
38
38
38
38
38
38
38
38
38
38
38
38
38
38
38
38
38
38
38
38
38
38
38
38
38
38
38
38
38
38
38
0
28
38
38
38
38
38
38
38
38
38
38
38
38
38
38
38
38
38
38
38
38
38
38
38
38
38
38
38
38
38
38
38
38
38
38
38
38
38
38
38
38
38
38
38
38
38
38
38
38
0
28
38
38
38
38
38
38
38
38
38
38
38
38
38
38
38
38
38
38
38
38
38
38
38
38
38
38
38
38
38
38
38
38
38
38
38
38
38
38
38
38
38
38
38
38
38
38
38
38
0
28
38
38
38
38
38
38
38
38
38
38
38
38
38
38
38
38
38
38
38
38
38
38
38
38
38
38
38
38
38
38
38
38
38
38
38
38
38
38
38
38
38
38
38
38
38
38
38
38
0
28
38
38
38
38
38
38
38
38
38
38
38
38
38
38
38
38
38
38
38
38
38
38
38
38
38
38
38
38
38
38
38
38
38
38
38
38
38
38
38
38
38
38
38
38
38
38
38
38
0
28
38
38
38
38
38
38
38
38
38
38
38
38
38
38
38
38
38
38
38
38
38
38
38
38
38
38
38
38
38
38
38
38
38
38
38
38
38
38
38
38
38
38
38
38
38
38
38
38
0
28
38
38
38
38
38
38
38
38
38
38
38
38
38
38
38
38
38
38
38
38
38
38
38
38
38
38
38
38
38
38
38
38
38
38
38
38
38
38
38
38
38
38
38
38
38
38
38
38
0
28
38
38
38
38
38
38
38
38
38
38
38
38
38
38
38
38
38
38
38
38
38
38
38
38
38
38
38
38
38
38
38
38
38
38
38
38
38
38
38
38
38
38
38
38
38
38
38
38
0
28
38
38
38
38
38
38
38
38
38
38
38
38
38
38
38
38
38
38
38
38
38
38
38
38
38
38
38
38
38
38
38
38
38
38
38
38
38
38
38
38
38
38
38
38
38
38
38
38
0
28
38
38
38
38
38
38
38
38
38
38
38
38
38
38
38
38
38
38
38
38
38
38
38
38
38
38
38
38
38
38
38
38
38
38
38
38
38
38
38
38
38
38
38
38
38
38
38
38
0
28
38
38
38
38
38
38
38
38
38
38
38
38
38
38
38
38
7a
7b
7a
7a
3a
3a
3a
3a
3a
7a
7b
7b
7b
79
38
38
38
38
38
38
38
38
38
38
38
38
38
38
38
38
38
38
0
28
38
38
38
38
38
38
38
38
38
38
38
38
39
bd
be
75
ad
64
64
64
64
1c
1c
1c
1c
64
64
a5
a5
b5
be
bc
39
38
38
38
38
38
38
38
38
38
38
38
38
38
38
38
0
28
38
38
38
38
38
38
38
38
38
38
39
b4
ad
a5
9c
5c
2
0
0
0
0
0
0
0
0
0
0
0
1
53
a5
64
ad
bc
7a
38
38
38
38
38
38
38
38
38
38
38
38
38
0
28
38
38
38
38
38
38
38
38
38
79
b5
53
1
0
0
0
0
0
0
0
0
0
0
0
0
0
0
0
0
0
0
0
0
a5
b6
39
38
38
38
38
38
38
38
38
38
38
38
38
0
28
38
38
38
38
38
38
38
38
79
bc
64
0
0
49
92
9a
a3
ac
ac
ac
ac
ac
ac
ac
ac
ac
ab
a3
a3
9a
0
0
0
2
63
38
38
38
38
38
38
38
38
38
38
38
38
38
0
28
38
38
38
38
38
38
38
38
39
65
a
0
51
b2
bb
bb
79
7a
7a
7a
7a
7a
7a
7a
7a
7a
7a
7a
79
bb
ec
9b
0
0
20
38
38
38
38
38
38
38
38
38
38
38
38
38
0
28
38
38
38
38
38
38
38
38
38
11
0
0
9b
bb
38
38
38
38
38
38
38
38
38
38
38
38
38
38
38
7a
fd
ac
0
0
20
38
38
38
38
38
38
38
38
38
38
38
38
38
0
28
38
38
38
38
38
38
38
38
38
50
0
0
9b
bd
39
79
38
38
38
38
38
38
38
38
38
38
38
38
38
7b
ff
ad
0
0
20
38
38
38
38
38
38
38
38
38
38
38
38
38
0
28
38
38
38
38
38
38
38
38
79
a4
49
0
9
64
ad
b5
74
7b
39
bc
bd
bd
bd
bd
bd
bd
bc
bc
74
ad
53
4a
0
0
20
38
38
38
38
38
38
38
38
38
38
38
38
38
0
28
38
38
38
38
38
38
38
38
7a
fe
9b
0
0
0
1
a
53
14
14
5d
65
65
65
65
65
5d
54
54
4b
2
0
0
0
92
ab
38
38
38
38
38
38
38
38
38
38
38
38
38
0
28
38
38
38
38
38
38
38
38
38
79
b4
9b
49
0
0
0
0
0
0
0
0
0
0
0
0
0
0
0
0
0
49
92
9a
b3
bb
38
38
38
38
38
38
38
38
38
38
38
38
38
0
28
38
38
38
38
38
38
38
38
38
38
7a
fd
eb
9b
99
91
41
41
40
40
40
40
40
40
40
41
41
41
49
9a
f3
f4
bc
38
38
38
38
38
38
38
38
38
38
38
38
38
38
38
0
28
38
38
38
38
38
38
38
38
38
38
38
38
79
bb
b9
b3
b4
b3
b2
b2
b2
a8
a8
a8
b2
b3
b3
b4
b4
ba
78
38
38
38
38
38
38
38
38
38
38
38
38
38
38
38
38
38
0
28
38
38
38
38
38
38
38
38
38
38
38
38
38
38
38
38
38
38
38
38
38
38
38
38
38
38
38
38
38
38
38
38
38
38
38
38
38
38
38
38
38
38
38
38
38
38
38
38
0
28
38
38
38
38
38
38
38
38
38
38
38
38
38
38
38
38
38
38
38
38
38
38
38
38
38
38
38
38
38
38
38
38
38
38
38
38
38
38
38
38
38
38
38
38
38
38
38
38
0
28
38
38
38
38
38
38
38
38
38
38
38
38
38
38
38
38
38
38
38
38
38
38
38
38
38
38
38
38
38
38
38
38
38
38
38
38
38
38
38
38
38
38
38
38
38
38
38
38
0
28
38
38
38
38
38
38
38
38
38
38
38
38
38
38
38
38
38
38
38
38
38
38
38
38
38
38
38
38
38
38
38
38
38
38
38
38
38
38
38
38
38
38
38
38
38
38
38
38
0
28
38
38
38
38
38
38
38
38
38
38
38
38
38
38
38
38
38
38
38
38
38
38
38
38
38
38
38
38
38
38
38
38
38
38
38
38
38
38
38
38
38
38
38
38
38
38
38
38
0
28
38
38
38
38
38
38
38
38
38
38
38
38
38
38
38
38
38
38
38
38
38
38
38
38
38
38
38
38
38
38
38
38
38
38
38
38
38
38
38
38
38
38
38
38
38
38
38
38
0
28
38
38
38
38
38
38
38
38
38
38
38
38
38
38
38
38
38
38
38
38
38
38
38
38
38
38
38
38
38
38
38
38
38
38
38
38
38
38
38
38
38
38
38
38
38
38
38
38
0
28
38
38
38
38
38
38
38
38
38
38
38
38
38
38
38
38
38
38
38
38
38
38
38
38
38
38
38
38
38
38
38
38
38
38
38
38
38
38
38
38
38
38
38
38
38
38
38
38
0
28
38
38
38
38
38
38
38
38
38
38
38
38
38
38
38
38
38
38
38
38
38
38
38
38
38
38
38
38
38
38
38
38
38
38
38
38
38
38
38
38
38
38
38
38
38
38
38
38
0
28
38
38
38
38
38
38
38
38
38
38
38
38
38
38
38
38
38
38
38
38
38
38
38
38
38
38
38
38
38
38
38
38
38
38
38
38
38
38
38
38
38
38
38
38
38
38
38
38
0
28
38
38
38
38
38
38
38
38
38
38
38
38
38
38
38
38
38
38
38
38
38
38
38
38
38
38
38
38
38
38
38
38
38
38
38
38
38
38
38
38
38
38
38
38
38
38
38
38
0
28
38
38
38
38
38
38
38
38
38
38
38
38
38
38
38
38
38
38
38
38
38
38
38
38
38
38
38
38
38
38
38
38
38
38
38
38
38
38
38
38
38
38
38
38
38
38
38
38
0
28
38
38
38
38
38
38
38
38
38
38
38
38
38
38
38
38
38
38
38
38
38
38
38
38
38
38
38
38
38
38
38
38
38
38
38
38
38
38
38
38
38
38
38
38
38
38
38
38
0
28
38
38
38
38
38
38
38
38
38
38
38
38
38
38
38
38
38
38
38
38
38
38
38
38
38
38
38
38
38
38
38
38
38
38
38
38
38
38
38
38
38
38
38
38
38
38
38
38
0
28
38
38
38
38
38
38
38
38
38
38
38
38
38
38
38
38
38
38
38
38
38
38
38
38
38
38
38
38
38
38
38
38
38
38
38
38
38
38
38
38
38
38
38
38
38
38
38
38
0
28
38
38
38
38
38
38
38
38
38
38
38
38
38
38
38
38
38
38
38
38
38
38
38
38
38
38
38
38
38
38
38
38
38
38
38
38
38
38
38
38
38
38
38
38
38
38
38
38
0
28
38
38
38
38
38
38
38
38
38
38
38
38
38
38
38
38
38
38
38
38
38
38
38
38
38
38
38
38
38
38
38
38
38
38
38
38
38
38
38
38
38
38
38
38
38
38
38
38
0
10
18
18
18
18
18
18
18
18
18
18
18
18
18
18
18
18
18
18
18
18
18
18
18
18
18
18
18
18
18
18
18
18
18
18
18
18
18
18
18
18
18
18
18
18
18
18
18
18